1 42
1 397
1 471
1 510
1 553
1 629
1 644
1 656
1 716
1 772
1 790
1 838
2 56
2 293
2 521
2 729
3 321
3 459
3 524
3 543
3 578
3 592
3 599
3 622
4 29
4 39
4 46
4 152
4 306
4 336
4 412
4 429
4 432
4 543
4 547
4 553
4 766
4 794
4 819
4 870
4 894
4 902
4 981
5 80
5 108
5 304
5 388
5 625
5 962
5 964
5 994
6 62
6 107
6 129
6 163
6 437
6 629
6 705
6 815
6 904
7 137
7 188
7 214
7 405
7 418
7 420
7 443
7 447
7 566
7 813
7 837
7 858
8 51
8 63
8 86
8 146
8 325
8 374
8 395
8 444
8 571
8 628
8 684
8 970
9 38
9 60
9 85
9 371
9 387
9 456
9 764
9 840
10 8
10 50
10 60
10 117
10 360
10 557
10 578
10 592
10 624
10 753
10 868
10 870
10 877
10 954
11 7
11 35
11 99
11 102
11 127
11 172
11 194
11 221
11 266
11 462
11 607
12 106
12 351
12 432
12 599
13 124
13 740
13 988
13 989
13 990
14 39
14 155
14 167
14 169
14 214
14 287
14 374
14 497
14 593
14 733
14 778
14 806
14 848
14 850
15 25
15 106
15 107
15 123
15 135
15 167
15 179
15 182
15 374
15 414
15 571
15 589
15 601
15 612
15 673
15 729
15 820
15 847
15 911
15 934
16 3
16 105
16 116
16 123
16 773
16 806
17 36
17 201
17 404
17 416
17 559
17 668
17 682
17 719
17 803
17 916
18 12
18 47
18 148
18 238
18 278
18 368
18 446
18 471
18 544
18 584
19 47
19 328
19 737
19 772
19 855
19 970
20 21
20 255
20 447
20 456
20 692
20 803
20 934
20 981
20 994
21 150
21 371
21 425
21 477
21 773
21 966
21 994
22 7
22 245
22 412
22 644
22 732
22 733
22 744
22 813
22 874
22 903
22 946
22 991
23 15
23 29
23 119
23 274
23 283
23 472
23 490
23 571
23 682
23 776
23 835
23 884
23 909
24 182
24 441
24 442
24 456
24 473
24 487
24 506
24 682
24 756
24 801
24 820
24 832
24 845
25 17
25 144
25 280
25 335
25 543
25 574
25 582
25 625
25 778
25 834
25 874
25 923
26 38
26 310
26 348
26 416
26 439
26 575
26 583
26 595
26 629
26 789
27 40
27 42
27 95
27 240
27 532
27 561
27 613
27 624
27 647
27 648
27 827
27 859
28 38
28 127
28 344
28 416
28 537
28 540
28 559
28 656
28 858
28 931
29 9
29 52
29 148
29 173
29 182
29 241
29 288
29 425
29 615
29 620
29 835
29 950
30 51
30 67
30 69
30 300
30 348
30 403
30 438
30 605
30 874
30 988
31 18
31 36
31 185
31 219
31 255
31 429
31 501
31 575
31 601
31 709
31 721
31 806
32 9
32 100
32 103
32 242
32 295
32 439
32 829
32 877
33 50
33 127
33 241
33 277
33 319
33 628
33 876
33 952
34 456
34 558
34 786
34 826
35 179
35 220
35 519
35 575
35 607
35 613
35 830
35 884
35 925
35 990
36 118
36 241
36 259
36 274
36 592
36 662
36 709
36 807
36 895
36 946
36 962
37 61
37 117
37 173
37 378
37 439
37 500
37 520
37 592
37 604
37 737
37 913
37 991
38 14
38 93
38 147
38 194
38 472
38 647
38 815
38 835
38 955
39 146
39 188
39 246
39 274
39 306
39 353
39 397
40 205
40 284
40 344
40 519
40 593
41 123
41 297
41 646
41 656
41 868
42 300
42 369
42 722
42 735
42 776
43 335
43 531
43 561
43 599
43 629
43 994
44 69
44 188
44 447
44 456
44 692
44 722
44 893
44 934
44 994
45 124
45 255
45 530
45 558
45 719
45 837
45 855
45 931
45 981
46 204
46 209
46 234
46 320
46 321
46 432
46 463
46 492
46 523
46 631
46 676
46 711
46 740
47 14
47 36
47 325
47 395
47 453
47 666
47 778
47 790
47 828
47 829
47 832
47 867
47 921
47 985
48 328
48 348
48 517
48 648
48 705
48 724
48 799
48 920
49 176
49 179
49 238
49 246
49 322
49 357
49 358
49 360
49 399
49 425
49 682
49 777
49 874
49 896
50 60
50 85
50 318
50 325
50 371
50 387
50 444
50 456
50 494
50 666
50 904
50 931
50 952
51 69
51 124
51 154
51 226
51 291
51 306
51 360
51 416
51 494
51 545
51 628
51 653
51 734
51 772
51 829
51 884
51 938
51 961
52 47
52 476
52 544
52 673
52 807
53 178
53 514
53 623
53 643
54 118
54 213
54 410
54 527
54 738
54 837
54 859
54 961
55 21
55 62
55 67
55 87
55 124
55 221
55 229
55 371
55 484
55 592
55 612
55 767
55 815
55 827
56 17
56 119
56 208
56 332
56 707
56 764
56 782
56 855
57 68
57 137
57 151
57 307
57 383
57 492
57 524
57 559
57 572
57 579
57 624
57 634
57 682
57 707
57 852
57 874
57 934
57 949
57 993
58 8
58 368
58 416
58 438
58 628
58 682
58 778
58 798
58 970
59 74
59 235
59 316
59 486
59 507
59 570
59 710
59 947
60 28
60 107
60 209
60 247
60 402
60 578
60 623
60 744
60 806
60 959
60 987
61 20
61 27
61 78
61 111
61 157
61 481
61 511
61 737
61 778
61 813
61 868
61 912
61 938
61 981
62 18
62 56
62 81
62 118
62 289
62 357
62 433
62 490
62 553
62 729
62 806
63 36
63 48
63 94
63 117
63 423
63 471
63 670
63 799
63 820
63 988
64 119
64 238
64 282
64 368
64 369
64 398
64 673
64 707
64 830
64 888
64 932
65 7
65 51
65 364
65 486
65 733
65 745
65 753
65 782
65 863
66 124
66 154
66 415
66 416
66 690
66 858
67 33
67 116
67 117
67 132
67 205
67 238
67 259
67 339
67 347
67 490
67 796
67 827
67 868
67 909
67 970
67 988
68 48
68 62
68 73
68 123
68 154
68 214
68 221
68 281
68 388
68 414
68 459
68 467
68 553
68 613
68 766
68 778
68 808
68 827
68 959
68 992
68 996
69 87
69 124
69 125
69 133
69 150
69 214
69 227
69 293
69 316
69 392
69 403
69 569
69 732
69 791
69 803
69 883
69 910
70 132
70 336
70 557
70 673
70 959
71 80
71 112
71 145
71 146
71 258
71 316
71 486
71 838
72 6
72 110
72 147
72 339
72 399
72 443
72 486
72 604
72 782
72 825
73 73
73 132
73 142
73 191
73 229
73 246
73 410
73 545
73 601
73 609
73 709
74 136
74 190
74 217
74 258
74 259
74 339
74 364
74 806
74 850
74 941
75 316
75 491
75 540
75 871
75 892
75 934
75 964
75 992
75 996
76 277
76 360
76 412
76 432
76 477
76 524
76 547
76 753
76 820
76 858
76 938
76 952
76 964
76 998
77 111
77 117
77 199
77 558
77 837
77 925
77 962
77 999
78 17
78 154
78 328
78 372
78 430
78 578
78 953
78 988
79 15
79 38
79 203
79 209
79 319
79 382
79 416
79 444
79 676
79 734
79 813
79 909
79 981
80 127
80 163
80 214
80 321
80 395
80 404
80 460
80 676
80 678
80 733
80 740
80 772
80 784
80 790
80 912
80 949
81 217
81 222
81 325
81 744
81 825
81 983
82 43
82 70
82 160
82 173
82 192
82 281
82 544
82 606
82 790
82 946
82 959
83 62
83 190
83 387
83 425
83 443
83 445
83 494
83 507
83 631
83 673
83 863
83 909
83 976
84 60
84 119
84 132
84 338
84 521
84 607
84 631
84 647
84 703
84 772
85 300
85 316
85 409
85 501
85 662
85 707
85 815
85 820
85 837
86 98
86 116
86 170
86 201
86 357
86 368
86 528
86 538
86 727
86 954
87 7
87 124
87 217
87 342
87 437
87 473
87 521
87 554
87 592
87 601
87 607
87 614
87 642
87 707
87 990
87 993
88 26
88 34
88 87
88 416
88 547
88 586
88 599
88 620
89 29
89 127
89 219
89 238
89 283
89 322
89 391
89 442
89 444
89 527
89 707
89 828
89 903
89 915
89 966
90 221
90 248
90 261
90 395
90 714
90 891
90 912
91 33
91 63
91 123
91 197
91 229
91 289
91 398
91 493
91 527
91 539
91 592
91 767
91 770
91 873
91 874
91 963
91 991
92 80
92 147
92 181
92 201
92 209
92 306
92 330
92 397
92 439
92 442
92 946
92 996
93 21
93 53
93 60
93 63
93 93
93 124
93 173
93 240
93 338
93 459
93 501
93 578
93 637
93 809
94 120
94 124
94 144
94 155
94 293
94 353
94 459
94 510
94 611
94 613
94 860
94 904
95 39
95 169
95 198
95 214
95 287
95 314
95 409
95 589
95 593
95 745
95 764
95 778
95 902
96 49
96 69
96 119
96 649
96 682
96 709
96 744
96 830
96 858
96 879
96 890
96 902
96 915
96 988
97 33
97 246
97 306
97 372
97 480
97 500
97 559
97 585
97 790
97 813
97 992
98 5
98 36
98 94
98 253
98 461
98 693
98 737
98 807
98 881
98 950
99 38
99 132
99 258
99 375
99 806
100 112
100 322
100 440
100 472
100 540
100 542
100 668
100 800
100 907
101 36
101 38
101 150
101 214
101 222
101 289
101 524
101 644
101 686
101 740
101 828
101 886
102 61
102 220
102 221
102 377
102 565
102 673
102 687
102 747
102 835
102 868
103 14
103 36
103 233
103 302
103 321
103 360
103 377
103 399
103 444
103 634
103 821
103 924
103 999
104 43
104 127
104 198
104 238
104 291
104 319
104 402
104 405
104 416
104 500
104 699
104 710
104 832
104 911
104 939
104 973
104 988
105 48
105 209
105 213
105 246
105 441
105 709
105 743
105 799
105 973
106 209
106 297
106 420
106 456
106 487
106 652
106 687
106 876
106 929
107 66
107 123
107 300
107 372
107 753
107 767
107 808
107 955
108 63
108 100
108 170
108 178
108 247
108 527
108 589
108 649
108 946
109 73
109 109
109 112
109 118
109 381
109 586
109 707
109 709
109 710
109 901
110 11
110 51
110 144
110 250
110 291
110 318
110 373
110 619
110 643
110 662
110 821
110 859
110 901
110 941
110 960
111 8
111 38
111 132
111 216
111 379
111 518
111 540
111 554
111 589
111 599
111 610
111 674
111 747
111 764
111 850
111 994
112 132
112 361
112 437
112 442
112 527
112 612
112 614
112 829
112 889
112 903
112 988
113 63
113 126
113 146
113 354
113 428
113 480
113 511
113 764
113 782
113 829
114 247
114 274
114 306
114 326
114 360
114 378
114 511
114 561
114 827
114 861
114 962
114 990
115 153
115 168
115 300
115 592
115 620
115 874
115 898
116 132
116 243
116 446
116 501
117 3
117 39
117 86
117 117
117 214
117 316
117 552
117 673
117 806
117 813
117 877
117 996
118 23
118 155
118 235
118 299
118 371
118 471
118 480
118 806
119 60
119 405
119 621
119 770
119 780
119 959
120 11
120 52
120 148
120 221
120 330
120 497
120 502
120 578
120 627
120 709
120 738
120 764
120 924
120 950
120 988
120 993
121 17
121 193
121 399
121 589
121 595
121 616
121 723
121 964
122 142
122 148
122 217
122 300
122 387
122 388
122 412
122 446
122 598
122 720
122 733
122 786
122 803
122 917
122 946
122 993
123 89
123 124
123 131
123 231
123 405
123 676
123 690
123 992
124 14
124 117
124 209
124 222
124 340
124 471
124 545
124 684
124 838
124 868
125 7
125 168
125 231
125 284
125 553
125 737
125 756
125 983
126 33
126 67
126 69
126 73
126 140
126 157
126 182
126 629
127 59
127 68
127 619
127 656
127 697
128 238
128 403
128 607
128 638
128 747
129 45
129 84
129 98
129 274
129 331
129 423
129 463
129 486
129 579
129 666
129 868
129 914
130 33
130 325
130 570
130 616
130 658
130 852
130 865
130 909
131 43
131 63
131 83
131 634
131 646
131 669
131 707
131 820
131 863
132 51
132 155
132 238
132 282
132 412
132 446
132 490
132 501
132 541
132 670
132 902
133 18
133 201
133 222
133 293
133 437
133 442
133 688
133 761
133 815
133 867
133 907
133 981
134 119
134 167
134 246
134 335
134 477
134 495
134 545
134 733
134 902
134 926
135 259
135 372
135 543
135 544
135 595
135 809
135 837
135 891
135 955
136 45
136 69
136 201
136 266
136 326
136 403
136 437
136 495
136 518
136 631
136 673
136 737
136 756
136 838
136 852
136 867
136 874
137 15
137 118
137 172
137 182
137 198
137 518
137 662
137 969
137 978
138 11
138 68
138 170
138 209
138 233
138 344
138 430
138 436
138 444
138 455
138 486
138 495
138 607
138 740
138 909
138 992
139 39
139 155
139 169
139 339
139 463
139 530
139 735
140 27
140 78
140 314
140 330
140 571
140 640
140 764
140 778
140 886
141 29
141 48
141 138
141 193
141 281
141 335
141 524
141 575
141 874
141 930
141 995
142 71
142 87
142 159
142 217
142 430
142 915
143 23
143 39
143 100
143 221
143 311
143 319
143 500
143 532
143 558
143 645
143 656
143 832
143 839
144 28
144 47
144 238
144 282
144 368
144 380
144 397
144 673
144 831
144 871
144 988
145 93
145 175
145 182
145 281
145 328
145 388
145 580
145 820
145 963
146 11
146 101
146 108
146 119
146 123
146 241
146 416
146 584
146 722
146 753
146 894
146 914
147 63
147 87
147 189
147 247
147 272
147 289
147 414
147 566
147 612
147 729
147 738
148 15
148 233
148 293
148 472
148 511
148 539
148 723
148 942
148 946
149 124
149 178
149 416
149 444
149 522
149 534
149 571
149 764
149 807
149 973
150 47
150 53
150 63
150 66
150 109
150 209
150 399
150 571
150 859
150 973
151 604
151 656
151 729
151 849
151 988
152 81
152 224
152 529
152 709
152 908
153 38
153 430
153 487
153 682
153 692
153 729
153 763
153 820
153 839
154 131
154 140
154 159
154 179
154 198
154 283
154 289
154 337
154 442
154 521
154 571
154 652
154 707
154 830
154 993
155 42
155 87
155 255
155 291
155 300
155 490
155 659
155 684
155 818
155 850
155 883
155 889
155 921
156 132
156 140
156 168
156 222
156 240
156 260
156 487
156 517
156 709
156 761
156 778
156 791
156 988
157 17
157 60
157 193
157 205
157 228
157 247
157 424
157 430
157 480
157 571
157 629
157 827
157 839
157 871
157 934
158 87
158 124
158 131
158 184
158 221
158 248
158 425
158 676
158 992
159 153
159 315
159 332
159 442
159 463
159 707
159 710
159 734
159 751
159 855
159 870
160 17
160 43
160 86
160 137
160 158
160 204
160 339
160 418
160 444
160 459
160 493
160 628
160 684
160 705
160 740
160 795
160 800
160 849
160 973
161 150
161 436
161 620
161 747
161 834
161 854
162 85
162 87
162 155
162 167
162 291
162 299
162 477
162 628
162 688
162 800
162 803
162 970
163 42
163 191
163 318
163 447
163 456
163 692
163 776
163 934
163 994
164 167
164 266
164 430
164 524
164 595
165 432
165 592
165 747
165 817
165 832
165 927
166 28
166 38
166 74
166 226
166 235
166 387
166 425
166 439
166 442
166 499
166 549
166 559
166 613
166 687
166 744
166 908
166 962
166 965
167 0
167 29
167 52
167 95
167 146
167 207
167 335
167 413
167 429
167 461
167 495
167 511
167 697
167 723
167 798
167 800
167 874
167 992
168 61
168 192
168 222
168 233
168 273
168 423
168 428
168 722
168 807
169 20
169 540
169 571
169 607
169 634
169 674
169 776
169 974
170 179
170 193
170 221
170 571
170 666
170 686
170 715
170 767
170 813
170 876
170 919
170 953
171 36
171 47
171 48
171 68
171 356
171 699
171 721
172 26
172 47
172 56
172 108
172 148
172 277
172 293
172 314
172 346
172 542
172 553
172 729
172 832
172 849
172 904
173 47
173 191
173 217
173 291
173 334
173 335
173 414
173 480
173 539
173 543
173 561
173 910
173 930
174 124
174 132
174 146
174 188
174 291
174 306
174 414
174 442
174 493
174 628
174 734
174 938
175 36
175 138
175 209
175 234
175 259
175 320
175 321
175 335
175 420
175 463
175 612
175 624
175 711
175 712
175 750
175 780
175 883
176 116
176 139
176 220
176 682
177 147
177 306
177 586
177 644
177 665
177 778
177 855
177 885
177 938
178 81
178 188
178 321
178 353
178 356
178 471
178 631
178 662
178 855
178 901
178 950
179 119
179 179
179 195
179 317
179 477
179 538
179 646
179 656
179 707
179 734
179 914
180 145
180 351
180 963
181 57
181 78
181 124
181 209
181 238
181 493
181 521
181 570
181 604
181 722
181 732
181 825
181 852
181 859
181 861
182 11
182 250
182 291
182 373
182 521
182 594
182 821
182 901
182 960
183 182
183 209
183 463
183 668
183 988
184 132
184 238
184 277
184 285
184 322
184 467
184 486
184 492
184 559
184 601
184 704
184 772
184 799
184 821
184 831
184 836
185 40
185 129
185 259
185 521
185 789
185 893
185 920
185 961
186 43
186 219
186 318
186 357
186 582
186 673
186 767
186 959
187 258
187 575
187 612
187 628
187 710
187 733
188 40
188 41
188 146
188 234
188 316
188 517
188 631
188 773
188 808
188 811
188 826
189 9
189 137
189 138
189 213
189 360
189 374
189 399
189 410
189 536
189 578
189 593
189 628
189 658
189 801
189 861
189 874
189 959
189 986
190 39
190 55
190 63
190 360
190 397
190 402
190 540
190 586
190 628
190 674
190 784
190 800
190 838
190 859
190 931
190 987
191 33
191 63
191 97
191 111
191 118
191 299
191 335
191 357
191 360
191 414
191 425
191 553
191 930
191 994
192 47
192 123
192 140
192 335
192 416
192 447
192 559
192 579
192 743
192 750
192 821
192 879
192 907
192 917
193 93
193 124
193 132
193 144
193 482
193 571
193 595
193 707
193 764
194 43
194 62
194 178
194 258
194 552
194 570
194 668
194 674
194 808
194 914
195 20
195 107
195 213
195 807
195 870
196 39
196 51
196 149
196 398
196 416
196 432
196 795
196 826
196 896
197 48
197 71
197 95
197 198
197 233
197 291
197 318
197 384
197 416
197 437
197 477
197 480
197 575
197 587
197 727
197 733
197 740
197 815
197 941
197 996
198 14
198 17
198 212
198 219
198 233
198 375
198 416
198 441
198 471
198 540
198 648
198 678
198 679
198 729
198 764
198 812
198 974
199 246
199 287
199 290
199 322
199 405
199 425
199 738
200 43
200 55
200 69
200 100
200 188
200 216
200 237
200 371
200 387
200 625
200 634
200 662
200 732
200 840
201 69
201 300
201 753
201 800
201 999
202 36
202 119
202 150
202 159
202 214
202 534
202 863
202 925
202 930
202 931
202 946
202 988
203 166
203 319
203 397
203 417
203 553
203 672
203 831
203 860
204 378
204 456
204 511
204 723
204 942
204 946
205 5
205 125
205 127
205 137
205 230
205 524
205 542
205 545
205 887
206 87
206 293
206 377
206 389
206 403
206 471
206 518
206 604
206 998
207 53
207 120
207 353
207 409
207 459
207 611
207 613
207 973
208 146
208 218
208 335
208 429
208 432
208 443
208 592
208 656
208 707
208 756
208 764
208 820
208 874
208 914
208 992
209 6
209 40
209 77
209 222
209 238
209 385
209 400
209 459
209 675
209 783
209 800
209 915
210 11
210 69
210 72
210 89
210 266
210 338
210 364
210 437
210 578
210 673
210 879
210 904
211 39
211 212
211 453
211 467
211 495
211 538
211 558
211 577
211 589
211 631
211 652
211 656
211 715
211 861
211 962
211 965
212 69
212 222
212 436
212 442
212 532
212 595
212 737
212 782
212 815
212 863
213 111
213 259
213 752
213 786
213 925
214 127
214 283
214 289
214 332
214 356
214 374
214 405
214 409
214 413
214 625
214 758
214 764
214 879
214 902
214 916
215 148
215 178
215 201
215 281
215 293
215 467
215 472
215 553
215 808
215 901
216 81
216 485
216 591
216 820
216 966
217 5
217 49
217 132
217 432
217 628
217 649
217 663
217 808
217 849
217 879
217 890
217 902
217 915
217 988
218 368
218 409
218 707
218 811
218 827
219 246
219 305
219 395
219 422
219 542
219 722
219 723
219 727
219 837
219 842
220 155
220 212
220 218
220 375
220 456
220 628
220 764
220 820
221 11
221 16
221 21
221 329
221 336
221 416
221 530
221 864
221 883
221 892
221 955
221 992
222 29
222 135
222 377
222 399
222 404
222 482
222 497
222 527
222 545
222 571
222 592
222 614
222 625
222 628
222 682
222 700
222 739
223 47
223 148
223 238
223 278
223 368
223 446
223 544
223 584
224 11
224 127
224 166
224 168
224 191
224 274
224 516
224 520
224 571
224 656
224 744
224 814
225 38
225 221
225 310
225 330
225 344
225 348
225 439
225 459
225 553
225 583
225 623
225 629
225 789
225 877
225 985
226 23
226 48
226 150
226 154
226 247
226 306
226 326
226 330
226 371
226 493
226 580
226 592
226 827
226 962
226 988
226 989
227 456
227 558
227 614
227 666
227 688
227 852
227 961
227 993
228 56
228 293
228 521
228 709
228 729
228 930
228 998
229 477
229 604
229 808
230 86
230 201
230 221
230 261
230 322
230 339
230 423
230 430
230 553
230 732
230 764
230 806
230 832
230 994
231 38
231 97
231 128
231 198
231 439
231 592
231 682
231 697
231 719
231 902
232 14
232 62
232 127
232 173
232 330
232 360
232 444
232 555
232 662
232 759
232 764
232 832
232 891
232 904
232 946
232 963
232 995
232 996
233 498
234 78
234 233
234 255
234 367
234 437
234 699
234 778
234 815
234 820
234 827
234 930
235 430
235 442
235 826
235 858
236 45
236 405
236 437
236 514
236 518
236 631
236 740
236 838
237 14
237 302
237 377
237 416
237 444
237 531
237 546
237 634
237 757
237 924
237 992
238 17
238 36
238 39
238 72
238 133
238 160
238 553
238 733
238 874
238 879
238 886
238 963
238 970
238 972
239 11
239 52
239 154
239 197
239 903
239 924
239 961
240 12
240 39
240 291
240 318
240 402
240 545
240 561
240 743
240 800
241 3
241 50
241 99
241 102
241 139
241 147
241 194
241 209
241 238
241 336
241 462
241 765
241 799
242 86
242 289
242 368
242 377
242 477
242 553
242 912
243 182
243 281
243 289
243 318
243 399
243 437
243 729
243 925
244 39
244 51
244 185
244 233
244 277
244 336
244 398
244 399
244 416
244 444
244 553
244 595
244 795
244 976
245 14
245 51
245 60
245 209
245 222
245 375
245 445
245 838
245 868
246 87
246 123
246 127
246 221
246 259
246 402
246 456
246 459
246 485
246 509
246 527
246 704
246 879
247 87
247 371
247 444
247 679
247 859
247 863
247 988
247 994
248 221
248 374
248 414
248 437
248 521
248 526
248 541
248 545
248 571
248 780
248 833
248 942
248 991
249 106
249 119
249 150
249 281
249 289
249 387
249 471
249 531
249 876
249 881
249 962
250 187
250 303
250 640
250 642
250 657
250 732
250 752
250 903
250 927
251 33
251 50
251 104
251 132
251 233
251 319
251 474
251 733
251 781
251 828
251 830
251 956
252 52
252 221
252 799
252 960
252 962
253 71
253 107
253 348
253 374
253 380
253 415
253 629
253 705
253 724
253 809
253 998
254 108
254 209
254 259
254 297
254 584
254 665
254 687
254 868
254 876
254 929
255 17
255 93
255 130
255 176
255 238
255 280
255 490
255 553
255 559
255 592
255 662
255 664
255 699
255 737
255 840
255 874
256 7
256 43
256 376
256 398
256 472
256 542
256 682
256 688
256 707
256 800
256 813
256 990
257 80
257 127
257 181
257 201
257 209
257 238
257 240
257 320
257 324
257 330
257 397
257 509
257 524
257 902
257 946
257 966
257 996
258 69
258 148
258 217
258 481
258 657
259 116
259 145
259 280
259 437
259 490
259 647
259 721
259 764
259 772
259 785
259 873
259 899
259 903
260 47
260 233
260 338
260 346
260 371
260 414
260 416
260 539
260 718
260 800
260 961
261 107
261 150
261 465
261 575
261 624
261 674
261 707
261 837
261 840
261 852
261 955
262 139
262 277
262 291
262 299
262 331
262 429
262 446
262 720
262 991
263 25
263 140
263 300
263 409
263 442
263 541
263 614
263 644
263 713
263 834
263 871
263 903
263 973
264 26
264 121
264 183
264 306
264 368
264 399
264 459
264 578
264 601
264 621
264 625
265 231
265 338
265 613
266 61
266 62
266 146
266 336
266 403
266 516
266 677
266 721
266 854
266 894
267 333
267 338
267 521
267 572
267 592
267 679
267 783
267 806
267 835
267 941
268 39
268 219
268 327
268 466
268 527
268 531
268 732
268 814
269 36
269 203
269 216
269 221
269 234
269 377
269 490
269 583
269 623
269 628
269 629
269 946
270 169
270 409
270 660
270 954
271 8
271 13
271 132
271 212
271 293
271 461
271 589
271 827
271 890
272 106
272 159
272 350
272 527
272 828
272 878
272 998
273 87
273 159
273 217
273 229
273 430
273 514
273 559
273 709
273 908
273 915
274 76
274 81
274 274
274 377
274 592
274 709
274 807
274 837
274 902
274 921
275 169
275 266
276 3
276 21
276 329
276 464
276 539
276 656
276 731
276 764
276 829
276 903
277 38
277 39
277 67
277 69
277 261
277 374
277 439
277 668
277 707
277 767
277 837
277 902
277 970
278 246
278 316
278 631
278 707
278 812
279 109
279 127
279 188
279 347
279 353
279 397
279 586
279 628
279 868
279 914
280 146
280 168
280 197
280 281
280 404
280 420
280 589
280 805
280 994
281 3
281 260
281 283
281 339
281 377
281 577
281 619
281 990
281 998
282 117
282 133
282 378
282 620
282 628
282 764
282 802
283 52
283 160
283 221
283 283
283 289
283 412
283 425
283 451
283 656
283 666
283 799
283 811
283 827
283 917
283 960
283 962
284 38
284 94
284 190
284 405
284 497
284 650
284 773
284 831
284 949
284 996
285 80
285 238
285 240
285 472
285 732
285 737
285 833
285 885
285 925
286 7
286 23
286 26
286 118
286 148
286 484
286 511
286 549
286 709
286 874
286 903
286 904
286 905
286 908
286 934
287 69
287 261
287 444
287 447
287 664
287 722
287 832
288 9
288 274
288 325
288 374
288 603
288 631
288 722
288 737
288 849
289 72
289 166
289 209
289 247
289 281
289 289
289 303
289 358
289 599
289 652
289 809
289 897
290 166
290 168
290 209
290 263
290 481
290 592
290 669
290 679
290 710
290 798
290 806
290 871
290 941
291 5
291 159
291 238
291 299
291 307
291 472
291 530
291 538
291 629
291 658
291 709
291 716
291 722
291 773
291 781
291 807
291 827
291 860
291 908
291 959
292 212
292 218
292 248
292 375
292 578
292 592
292 764
293 238
293 400
293 601
293 903
293 915
293 925
294 29
294 174
294 274
294 707
294 709
294 814
294 832
294 877
294 879
294 901
295 302
295 417
295 480
295 664
296 36
296 414
296 459
296 509
296 670
296 798
296 853
296 863
296 870
296 994
297 3
297 246
297 248
297 283
297 316
297 371
297 477
297 500
297 624
297 631
297 673
297 773
297 794
298 147
298 238
298 337
298 629
298 799
299 27
299 33
299 34
299 69
299 117
299 127
299 150
299 155
299 242
299 424
299 538
299 584
299 656
299 770
300 93
300 135
300 195
300 300
300 316
300 373
300 432
300 553
300 707
300 805
300 837
300 871
300 901
301 87
301 238
301 334
301 366
301 415
301 472
301 507
301 634
301 682
301 808
301 832
301 837
301 961
301 988
302 366
302 465
302 540
302 612
302 629
302 773
302 827
303 7
303 55
303 195
303 209
303 368
303 432
303 437
303 553
303 756
303 837
303 901
304 69
304 89
304 189
304 193
304 414
304 471
304 666
304 707
304 874
304 875
304 912
304 992
305 167
305 589
305 603
305 673
305 820
306 186
306 208
306 412
306 419
306 511
306 542
306 891
306 950
307 321
307 338
307 954
308 22
308 35
308 40
308 62
308 205
308 291
308 368
308 413
308 471
308 545
308 567
308 574
308 666
308 673
308 886
308 961
309 87
309 145
309 395
309 416
309 443
309 444
309 509
309 587
309 873
309 986
310 83
310 101
310 221
310 248
310 387
310 451
310 595
310 612
310 625
310 704
310 707
310 727
310 806
310 809
311 107
311 124
311 163
311 241
311 447
311 472
311 488
311 881
311 952
312 132
312 169
312 300
312 334
312 400
312 463
312 502
312 530
312 553
312 667
312 737
312 752
312 756
312 874
312 902
312 903
312 988
312 993
313 48
313 520
313 558
313 752
313 959
314 9
314 124
314 314
314 521
314 644
314 738
314 874
314 891
315 255
315 293
315 306
315 319
315 486
315 682
315 790
315 877
315 894
315 963
316 53
316 127
316 167
316 189
316 221
316 246
316 300
316 534
316 571
316 599
316 851
317 47
317 51
317 66
317 87
317 109
317 399
317 404
317 423
317 437
317 472
317 859
318 20
318 27
318 132
318 543
318 592
318 813
318 868
318 871
318 912
318 981
319 18
319 71
319 118
319 131
319 185
319 404
319 482
319 490
319 495
319 553
319 601
319 652
319 756
319 961
320 138
320 154
320 486
320 604
320 938
321 40
321 124
321 492
321 527
321 598
321 600
321 728
321 891
321 981
321 988
322 67
322 124
322 188
322 191
322 699
322 753
322 756
322 839
323 112
323 289
323 378
323 409
323 413
323 669
323 728
323 807
323 879
323 902
324 15
324 47
324 138
324 154
324 209
324 299
324 314
324 338
324 497
324 773
324 797
325 40
325 240
325 316
325 364
325 572
325 709
325 858
325 917
325 952
326 445
326 482
326 615
326 767
326 886
326 901
326 934
327 99
327 117
327 118
327 353
327 395
327 402
327 478
327 558
327 601
327 699
327 709
327 767
327 807
327 908
327 966
328 33
328 35
328 36
328 48
328 96
328 319
328 480
328 559
328 566
328 603
328 612
328 623
328 669
328 691
328 706
328 789
328 795
328 852
328 860
328 868
328 930
329 12
329 17
329 52
329 81
329 85
329 144
329 274
329 316
329 446
329 500
329 574
329 729
329 735
329 778
329 908
330 148
330 154
330 222
330 527
330 584
330 613
330 746
330 925
331 330
331 366
331 510
331 607
331 629
331 658
331 771
331 782
331 868
331 892
331 934
332 52
332 123
332 353
332 402
332 432
332 545
332 673
332 709
332 800
332 832
332 955
332 989
333 8
333 148
333 344
333 437
333 470
334 14
334 24
334 63
334 247
334 326
334 327
334 331
334 463
334 516
334 778
334 808
334 855
334 973
335 25
335 48
335 127
335 224
335 356
335 538
335 601
335 606
335 618
335 736
335 753
336 107
336 151
336 222
336 375
336 521
336 540
336 570
336 629
336 631
336 676
336 832
336 861
337 62
337 109
337 148
337 154
337 395
337 538
337 568
337 838
337 849
337 874
338 247
338 318
338 575
338 647
338 733
338 815
338 874
339 38
339 73
339 85
339 106
339 402
339 442
339 607
339 628
339 815
339 837
340 69
340 148
340 197
340 395
340 473
340 482
340 510
340 688
340 692
340 820
341 444
341 482
341 721
341 811
341 844
341 871
341 889
342 50
342 153
342 168
342 281
342 300
342 418
342 448
342 571
342 592
342 876
342 898
342 903
343 7
343 135
343 344
343 471
343 516
343 553
343 559
343 764
343 835
343 917
343 949
344 595
344 623
344 682
344 974
345 61
345 117
345 147
345 188
345 648
346 183
346 209
346 377
346 444
346 480
346 666
346 669
346 809
346 931
347 69
347 219
347 255
347 293
347 510
347 682
347 692
347 820
347 894
347 963
348 5
348 187
348 224
348 241
348 490
348 557
348 807
348 976
349 120
349 336
349 425
349 428
349 546
349 553
349 657
349 664
349 753
349 879
349 973
350 11
350 72
350 138
350 266
350 277
350 440
350 585
350 682
350 778
350 879
351 152
351 173
351 183
351 354
351 360
351 429
351 537
351 647
351 696
351 863
351 903
351 959
352 85
352 263
352 416
352 550
352 664
352 963
353 42
353 116
353 212
353 238
353 259
353 360
353 430
353 536
353 677
353 767
353 827
354 85
354 117
354 504
354 592
354 644
354 652
354 721
354 806
355 339
355 404
355 431
355 442
356 11
356 62
356 81
356 486
356 527
356 575
356 742
356 803
357 17
357 158
357 459
357 684
357 973
358 23
358 50
358 108
358 212
358 319
358 388
358 439
358 484
358 495
358 699
358 874
358 902
358 903
358 933
359 86
359 140
359 293
359 485
359 543
359 704
359 707
359 884
360 140
360 148
360 159
360 179
360 198
360 283
360 289
360 436
360 521
360 571
360 652
360 925
361 63
361 89
361 141
361 281
361 337
361 579
361 733
361 948
362 51
362 188
362 306
362 316
362 453
362 523
362 529
362 531
362 546
362 554
362 894
362 903
362 924
362 959
363 47
363 169
363 191
363 217
363 334
363 409
363 487
363 507
363 930
363 954
364 179
364 289
364 519
364 607
364 925
365 166
365 266
365 569
365 670
365 733
365 745
365 806
365 807
366 3
366 140
366 179
366 198
366 283
366 289
366 493
366 521
366 571
366 595
366 647
366 652
366 729
367 219
367 248
367 377
367 884
368 66
368 124
368 140
368 255
368 523
368 530
368 553
368 558
368 719
368 837
368 855
368 931
368 981
369 3
369 35
369 63
369 198
369 221
369 425
369 487
369 551
369 631
369 709
369 925
369 996
370 10
370 21
370 38
370 83
370 87
370 252
370 255
370 364
370 752
370 756
370 767
370 803
370 884
370 950
370 981
371 72
371 154
371 172
371 191
371 381
371 425
371 649
371 724
371 875
371 963
372 83
372 91
372 104
372 204
372 287
372 311
372 326
372 339
372 418
372 425
372 437
372 491
372 543
372 553
372 561
372 647
372 656
372 675
372 682
372 800
372 851
373 261
373 378
373 404
373 456
373 480
373 539
373 916
373 973
373 974
374 137
374 183
374 319
374 444
374 480
374 553
374 666
374 800
374 809
374 868
374 981
375 14
375 216
375 258
375 399
375 416
375 544
375 569
375 813
375 921
376 116
376 171
376 405
376 724
376 806
376 901
377 150
377 523
377 782
377 808
377 876
378 11
378 36
378 87
378 98
378 205
378 221
378 275
378 300
378 439
378 553
378 674
378 800
378 802
378 901
379 83
379 87
379 221
379 248
379 536
379 571
379 955
380 8
380 39
380 51
380 398
380 416
380 432
380 463
380 474
380 519
380 675
380 795
380 806
380 820
381 116
381 123
381 599
381 607
381 612
381 729
381 738
381 773
381 794
381 827
381 915
382 26
382 106
382 188
382 274
382 374
382 400
382 460
382 565
382 623
382 627
382 644
382 677
382 903
382 956
383 0
383 142
383 360
383 545
383 631
383 653
383 756
383 877
384 47
384 214
384 221
384 233
384 375
384 490
384 516
384 584
384 855
384 860
384 868
384 878
384 907
385 130
385 215
385 216
385 319
385 374
385 397
385 553
385 699
385 963
385 994
386 36
386 87
386 409
386 444
386 480
386 522
386 555
386 764
386 807
386 879
386 904
386 914
386 959
386 973
386 988
387 28
387 38
387 59
387 73
387 284
387 316
387 325
387 357
387 395
387 403
387 439
387 546
387 636
387 673
387 729
387 902
387 924
387 925
388 11
388 41
388 154
388 197
388 351
388 432
388 482
388 653
388 672
388 688
388 764
388 800
389 71
389 102
389 205
389 243
389 404
389 449
389 456
389 495
389 656
389 908
390 104
390 238
390 395
390 543
390 605
390 660
390 755
390 903
391 152
391 274
391 545
391 884
392 14
392 325
392 401
392 707
392 721
392 764
392 907
393 300
393 342
393 396
393 612
393 623
393 871
394 81
394 170
394 622
394 707
394 772
394 946
394 959
395 38
395 43
395 214
395 231
395 277
395 338
395 368
395 430
395 445
395 471
395 546
395 603
395 673
395 674
395 843
395 895
396 36
396 73
396 155
396 322
396 359
396 670
397 38
397 190
397 336
397 361
397 405
397 650
397 723
397 780
397 808
397 831
397 842
397 860
397 990
398 148
398 432
398 545
398 653
398 772
398 876
398 908
399 63
399 112
399 501
399 536
399 542
399 615
399 667
399 715
399 721
399 886
400 160
400 170
400 627
400 753
400 801
400 908
401 11
401 61
401 209
401 299
401 359
401 364
401 552
401 566
401 624
401 628
401 798
401 800
402 46
402 140
402 163
402 259
402 278
402 353
402 371
402 466
402 533
402 707
402 845
402 871
403 12
403 61
403 117
403 147
403 188
403 415
403 472
403 501
403 559
403 629
403 648
403 744
403 798
403 946
404 55
404 170
404 233
404 287
404 377
404 545
404 592
404 667
404 884
404 949
405 87
405 101
405 111
405 259
405 274
405 486
405 752
405 786
405 806
405 871
405 925
406 416
406 471
406 601
406 607
406 756
407 169
407 443
407 558
407 913
408 14
408 219
408 287
408 416
408 441
408 471
408 502
408 540
408 891
409 38
409 73
409 123
409 148
409 150
409 381
409 402
409 439
409 442
409 628
409 837
409 899
409 934
409 950
410 24
410 43
410 198
410 274
410 371
410 419
410 521
410 717
410 815
410 873
410 901
410 996
411 0
411 7
411 314
411 330
411 409
411 575
411 592
411 604
411 776
411 784
411 806
411 908
412 257
412 273
412 336
412 410
412 488
412 557
412 622
412 709
412 827
412 855
412 998
413 38
413 127
413 147
413 173
413 231
413 277
413 350
413 368
413 418
413 527
413 601
413 648
413 664
413 799
413 867
413 895
413 949
413 981
414 11
414 42
414 178
414 179
414 314
414 318
414 367
414 374
414 405
414 460
414 592
414 628
414 631
414 815
415 5
415 40
415 147
415 293
415 416
415 521
415 586
415 778
415 855
415 885
415 938
415 999
416 20
416 27
416 729
416 813
416 868
416 912
416 981
417 124
417 222
417 412
417 478
417 511
417 628
417 925
417 953
418 47
418 145
418 150
418 222
418 402
418 444
418 534
418 547
418 571
418 682
418 855
419 1
419 11
419 23
419 90
419 231
419 487
419 612
419 669
419 720
419 955
420 155
420 162
420 322
420 339
420 364
420 387
420 559
420 722
420 821
421 35
421 183
421 306
421 368
421 399
421 459
421 486
421 579
421 950
422 17
422 119
422 208
422 219
422 248
422 377
422 764
422 782
422 884
423 92
423 127
423 322
423 371
423 387
423 507
423 509
423 622
423 625
423 758
423 885
423 916
424 234
424 668
424 912
425 87
425 395
425 443
425 444
425 587
425 807
425 873
426 147
426 188
426 189
426 280
426 307
426 371
426 374
426 405
426 416
426 656
426 668
426 951
427 5
427 21
427 125
427 204
427 279
427 432
427 490
427 767
427 925
428 29
428 40
428 106
428 274
428 346
428 910
429 83
429 106
429 248
429 439
429 543
429 597
429 628
429 744
429 772
429 798
430 47
430 146
430 160
430 325
430 371
430 476
430 480
430 520
430 544
430 673
430 740
430 807
430 989
431 57
431 109
431 339
431 420
431 500
431 559
431 613
431 624
431 707
431 859
432 14
432 20
432 47
432 51
432 146
432 255
432 346
432 412
432 446
432 455
432 482
432 487
432 490
432 555
432 666
432 670
432 773
432 795
432 803
432 902
432 934
432 983
433 123
433 137
433 283
433 289
433 500
433 520
433 534
433 708
433 713
433 752
433 817
433 824
433 851
433 934
433 950
433 964
434 138
434 154
434 209
434 233
434 293
434 314
434 338
434 472
434 539
434 565
435 14
435 73
435 238
435 320
435 324
435 481
435 509
435 524
435 747
435 783
435 902
436 125
436 169
436 205
436 213
436 259
436 272
436 372
436 382
436 674
436 722
436 902
437 209
437 336
437 395
437 592
437 870
437 990
438 36
438 49
438 168
438 487
438 546
438 558
438 590
438 647
438 909
438 963
438 988
439 125
439 127
439 131
439 145
439 208
439 530
439 592
439 707
439 722
439 738
439 744
439 832
439 910
439 931
440 169
440 217
440 274
440 482
440 490
440 518
440 553
440 709
440 722
440 780
440 782
440 926
440 941
441 49
441 139
441 160
441 311
441 460
441 522
441 664
441 871
441 907
442 216
442 319
442 420
442 426
442 484
442 495
442 699
442 874
442 933
443 3
443 26
443 100
443 104
443 121
443 123
443 132
443 145
443 219
443 284
443 322
443 325
443 369
443 432
443 477
443 603
443 669
443 670
443 753
443 776
443 799
443 877
443 903
443 913
444 43
444 63
444 123
444 261
444 300
444 322
444 335
444 472
444 509
444 538
444 619
444 622
444 828
444 845
444 907
444 924
444 949
444 953
444 959
444 994
445 10
445 119
445 351
445 367
445 377
445 398
445 405
445 514
445 571
445 592
445 666
445 806
446 50
446 69
446 253
446 319
446 536
446 545
446 707
446 710
446 722
446 858
447 9
447 53
447 139
447 439
447 446
447 488
447 490
447 623
447 800
447 904
447 924
448 61
448 214
448 420
448 486
448 903
449 127
449 733
449 772
449 784
449 790
449 912
450 33
450 117
450 504
450 570
450 616
450 644
450 652
450 658
450 721
450 852
450 909
451 14
451 63
451 242
451 266
451 324
451 471
451 539
451 570
451 571
451 837
451 845
451 904
451 952
451 992
452 14
452 48
452 81
452 246
452 369
452 594
452 629
452 710
452 806
452 964
453 3
453 86
453 261
453 423
453 571
453 586
453 613
453 806
453 828
453 959
454 3
454 260
455 147
455 188
455 222
455 280
455 307
455 416
455 634
455 656
455 667
455 942
456 348
456 553
456 571
456 690
456 705
456 724
456 929
456 974
457 17
457 89
457 193
457 300
457 318
457 418
457 616
457 673
457 709
457 753
457 805
457 861
457 871
457 912
457 913
457 951
458 11
458 15
458 38
458 81
458 146
458 319
458 371
458 416
458 639
458 676
458 734
458 769
458 827
458 981
459 83
459 221
459 289
459 363
459 402
459 411
459 437
459 576
459 592
459 624
459 709
460 5
460 39
460 86
460 188
460 221
460 246
460 257
460 405
460 563
460 729
461 7
461 14
461 138
461 143
461 364
461 387
461 447
461 599
461 709
461 748
461 852
461 893
462 69
462 300
462 395
462 753
462 781
462 800
462 909
462 959
462 999
463 284
463 293
463 388
463 577
463 595
463 623
463 631
463 709
463 894
463 990
464 88
464 182
464 222
464 342
464 374
464 396
464 405
464 435
464 490
464 721
464 811
464 894
464 902
464 907
464 917
465 143
465 155
465 186
465 188
465 216
465 222
465 375
465 418
465 486
465 544
465 571
465 586
465 631
465 636
465 723
465 832
466 330
466 432
466 592
466 613
466 631
466 647
466 716
466 778
466 828
466 868
466 998
467 21
467 63
467 173
467 501
467 575
467 578
467 809
468 248
468 283
468 399
468 404
468 699
468 806
468 859
468 983
469 132
469 155
469 208
469 318
469 321
469 473
469 521
469 545
469 561
469 859
470 154
470 425
470 877
470 879
471 78
471 127
471 233
471 255
471 425
471 437
471 778
471 815
472 48
472 71
472 87
472 217
472 430
472 521
472 873
472 915
472 993
473 293
473 473
473 478
473 584
473 594
473 595
473 617
473 907
474 63
474 140
474 412
474 722
474 757
474 885
475 63
475 102
475 140
475 159
475 257
475 318
475 377
475 385
475 444
475 753
475 827
475 874
476 193
476 219
476 220
476 486
476 817
476 944
477 89
477 129
477 571
477 592
477 673
477 729
477 776
477 858
477 874
477 893
477 938
477 963
477 996
478 130
478 234
478 360
478 536
478 623
478 828
479 173
479 806
479 827
480 29
480 38
480 85
480 127
480 318
480 328
480 377
480 442
480 456
480 474
480 540
480 553
480 605
480 662
480 679
480 795
480 870
480 871
480 910
480 912
480 966
480 974
480 993
481 12
481 415
481 512
481 579
481 601
482 81
482 224
482 529
482 628
482 709
482 908
482 946
483 19
483 36
483 70
483 146
483 215
483 445
483 553
483 555
483 601
483 690
483 790
483 892
483 894
484 15
484 61
484 66
484 195
484 374
484 385
484 399
484 405
484 409
484 432
484 512
484 542
484 571
484 583
484 709
484 767
484 799
484 808
484 817
485 42
485 90
485 193
485 291
485 398
485 558
485 592
485 619
485 703
485 709
485 782
485 808
485 829
486 604
486 744
487 8
487 100
487 342
487 373
487 403
487 437
487 546
487 673
487 707
487 782
487 821
487 876
488 36
488 248
488 336
488 351
488 363
488 389
488 538
488 562
488 909
489 53
489 93
489 241
489 257
489 348
489 357
489 459
489 637
489 767
489 790
489 894
490 28
490 124
490 139
490 527
490 600
490 800
490 959
491 67
491 243
491 344
491 519
491 689
491 829
491 981
492 43
492 67
492 69
492 147
492 155
492 266
492 303
492 604
492 647
492 722
492 767
492 815
492 835
493 219
493 457
493 553
493 634
493 682
493 704
493 852
493 988
494 21
494 33
494 66
494 139
494 238
494 283
494 293
494 543
494 683
494 783
494 863
494 981
495 61
495 179
495 418
495 491
495 497
495 925
495 934
495 964
495 996
496 53
496 93
496 158
496 300
496 338
496 459
496 465
496 606
496 637
496 684
496 973
497 190
497 209
497 238
497 283
497 374
497 382
497 471
497 592
497 674
497 699
497 806
497 902
497 983
498 38
498 40
498 61
498 112
498 147
498 247
498 604
498 660
498 808
498 844
499 81
499 169
499 325
499 358
499 755
499 815
500 123
500 289
500 534
500 708
500 817
500 851
500 934
501 85
501 873
501 929
501 987
501 999
502 124
502 153
502 224
502 771
503 16
503 17
503 182
503 289
503 444
503 446
503 486
503 764
503 863
503 884
503 892
503 921
503 938
504 29
504 306
504 545
504 571
504 614
504 628
504 700
504 815
505 86
505 149
505 723
505 892
505 938
506 0
506 95
506 140
506 160
506 238
506 371
506 444
506 766
506 994
507 423
507 622
507 782
507 962
508 48
508 100
508 137
508 287
508 531
508 595
508 778
508 837
508 849
508 858
508 909
509 11
509 20
509 99
509 123
509 135
509 208
509 460
509 478
509 601
509 668
509 767
509 789
510 83
510 93
510 214
510 274
510 303
510 339
510 540
510 737
510 766
510 797
510 939
510 964
511 3
511 143
511 271
511 286
511 433
511 464
511 493
511 553
511 595
511 601
511 647
511 656
511 709
511 729
511 818
511 827
511 855
512 159
512 538
512 709
512 781
512 908
513 68
513 209
513 233
513 344
513 436
513 455
513 486
513 495
513 607
513 992
514 71
514 78
514 283
514 336
514 437
514 480
514 640
514 764
514 807
514 973
515 52
515 416
515 538
515 669
515 837
516 48
516 67
516 124
516 147
516 209
516 259
516 442
516 553
516 710
516 723
516 782
516 813
516 827
516 836
516 868
516 873
516 925
516 992
517 204
517 210
517 212
517 375
517 439
517 764
517 870
517 907
517 998
518 67
518 108
518 119
518 331
518 416
518 555
518 561
518 611
518 710
518 769
518 815
519 81
519 238
519 283
519 286
519 293
519 304
519 642
519 753
520 14
520 43
520 81
520 123
520 188
520 216
520 234
520 246
520 325
520 368
520 377
520 387
520 619
520 634
520 737
520 806
520 981
520 996
521 9
521 26
521 85
521 330
521 559
521 716
521 821
521 992
522 83
522 108
522 124
522 148
522 171
522 176
522 214
522 351
522 573
522 580
522 624
522 676
522 756
522 847
522 870
522 994
523 19
523 38
523 102
523 233
523 327
523 595
523 681
523 729
523 738
523 883
524 104
524 223
524 516
524 625
524 860
525 39
525 336
525 432
525 457
525 673
525 760
525 849
525 852
525 911
525 950
525 959
526 5
526 68
526 191
526 412
526 472
526 493
526 542
526 624
526 813
527 85
527 395
527 592
527 722
527 873
527 929
527 987
527 999
528 246
528 252
528 527
528 624
528 807
528 868
528 973
528 981
529 67
529 146
529 599
529 710
529 744
529 909
529 973
530 21
530 90
530 222
530 235
530 344
530 375
530 437
530 565
530 631
530 721
530 782
530 815
530 832
530 876
531 155
531 224
531 335
531 525
531 544
531 561
531 929
531 969
532 5
532 125
532 137
532 230
532 545
532 612
532 624
532 750
532 780
532 887
532 963
533 159
533 207
533 538
533 557
533 577
533 709
533 781
533 803
533 908
534 690
534 852
535 36
535 40
535 592
535 631
535 639
535 645
535 712
535 806
535 837
535 858
535 864
535 950
536 311
536 418
536 619
536 709
536 780
536 924
536 981
537 85
537 238
537 439
537 456
537 485
537 490
537 673
537 723
537 870
538 38
538 461
538 553
538 570
538 870
538 894
538 902
539 93
539 360
539 444
539 527
539 580
539 629
539 668
539 707
539 764
539 988
540 81
540 135
540 375
540 656
540 738
540 832
541 29
541 71
541 163
541 484
541 487
541 524
541 661
541 715
541 738
542 85
542 132
542 217
542 221
542 236
542 326
542 360
542 387
542 473
542 592
542 706
543 34
543 87
543 99
543 212
543 404
543 594
543 634
544 63
544 198
544 221
544 227
544 544
544 571
544 646
544 730
544 773
544 805
544 855
544 950
545 62
545 963
545 995
546 38
546 76
546 255
546 303
546 327
546 399
546 453
546 547
546 640
546 732
546 818
546 903
546 927
547 47
547 127
547 159
547 203
547 235
547 374
547 599
547 668
547 709
547 909
548 127
548 202
548 339
548 829
548 934
549 154
549 328
549 531
549 752
549 783
549 850
549 966
550 120
550 405
550 430
550 487
550 607
550 682
550 709
550 729
550 820
550 839
550 845
551 62
551 138
551 668
551 711
551 829
551 840
552 68
552 209
552 233
552 344
552 436
552 455
552 486
552 495
552 607
552 992
553 49
553 61
553 360
553 368
553 403
553 410
553 488
553 557
553 808
553 855
553 988
554 22
554 35
554 62
554 89
554 567
554 592
554 628
554 733
555 25
555 117
555 140
555 495
555 541
555 558
555 614
555 644
555 699
556 19
556 55
556 123
556 131
556 259
556 337
556 416
556 442
556 620
556 707
556 830
556 993
556 994
557 43
557 164
557 330
557 601
557 715
557 721
557 849
557 886
557 948
558 8
558 147
558 163
558 321
558 344
558 387
558 453
558 472
558 689
558 808
559 127
559 147
559 402
559 539
559 930
559 966
559 981
560 38
560 127
560 502
560 553
560 656
560 756
560 782
560 847
561 137
561 314
561 322
561 330
561 540
561 566
561 598
561 647
561 973
562 140
562 176
562 209
562 336
562 395
562 424
562 445
562 571
562 592
562 767
562 822
562 871
562 924
562 990
563 63
563 86
563 149
563 176
563 471
563 488
563 603
563 656
563 667
563 723
563 892
563 938
564 4
564 50
564 170
564 214
564 388
564 660
564 707
564 973
564 988
565 51
565 180
565 214
565 261
565 369
565 416
565 432
565 638
565 776
565 795
565 829
566 36
566 100
566 127
566 166
566 283
566 357
566 699
566 806
566 983
567 73
567 77
567 161
567 169
567 183
567 188
567 316
567 318
567 543
567 595
567 795
567 902
568 95
568 127
568 252
568 289
568 293
568 367
568 437
568 440
568 513
568 721
568 734
569 125
569 127
569 131
569 145
569 208
569 319
569 375
569 530
569 598
569 744
570 3
570 69
570 142
570 390
570 490
570 585
570 647
570 759
570 815
570 859
571 33
571 69
571 235
571 423
571 483
571 517
571 575
571 601
571 606
571 697
571 733
571 758
571 948
571 994
572 51
572 179
572 292
572 318
572 321
572 521
572 530
572 652
572 716
572 764
572 827
572 875
573 190
573 205
573 238
573 374
573 377
573 486
573 504
573 820
573 876
574 36
574 40
574 80
574 119
574 123
574 195
574 290
574 356
574 371
574 397
574 399
574 453
574 486
574 546
574 582
574 592
574 725
574 748
574 867
574 874
575 117
575 127
575 209
575 293
575 379
575 416
575 586
575 658
575 732
575 852
575 874
575 914
576 12
576 47
576 67
576 87
576 155
576 274
576 371
576 444
576 461
576 601
576 666
576 667
576 679
576 859
576 962
576 993
577 67
577 69
577 117
577 140
577 412
577 504
577 620
577 629
577 644
577 652
577 721
578 147
578 189
578 215
578 374
578 416
578 521
578 655
579 36
579 168
579 377
579 380
579 628
579 988
580 83
580 124
580 433
580 493
580 511
580 571
580 662
581 73
581 138
581 402
581 439
581 604
581 648
581 785
581 938
582 281
582 416
582 464
582 477
582 516
582 624
582 647
582 666
582 673
582 753
582 794
582 845
582 893
583 29
583 93
583 209
583 293
583 307
583 442
583 699
583 831
583 874
583 909
584 144
584 166
584 182
584 231
584 360
584 375
584 416
584 481
584 524
584 586
584 629
584 773
585 63
585 201
585 282
585 356
585 808
585 963
586 109
586 147
586 281
586 293
586 353
586 623
586 778
586 828
586 907
586 909
586 925
587 154
587 209
587 338
587 377
587 432
587 473
587 553
587 669
587 850
587 931
588 71
588 87
588 159
588 172
588 191
588 430
588 559
588 915
589 85
589 300
589 440
589 592
589 729
589 827
589 863
589 990
590 325
590 410
590 477
590 487
590 546
590 559
590 590
590 634
590 656
590 939
591 124
591 142
591 163
591 173
591 190
591 227
591 228
591 258
591 317
591 364
591 486
591 520
591 521
591 524
591 586
591 771
591 799
591 820
591 941
591 973
591 992
592 107
592 132
592 176
592 209
592 222
592 287
592 347
592 371
592 514
592 553
592 575
592 592
592 601
592 686
593 66
593 167
593 205
593 252
593 266
593 430
593 523
593 623
593 662
593 664
593 707
593 745
593 767
594 23
594 147
594 155
594 238
594 325
594 336
594 709
594 799
594 891
594 962
595 14
595 50
595 404
595 465
595 540
595 599
595 612
595 629
595 753
595 773
595 805
595 827
595 861
595 871
596 83
596 416
596 527
596 545
596 780
596 809
597 116
597 387
597 414
597 439
597 592
597 743
597 915
597 938
597 942
597 991
597 998
598 62
598 121
598 127
598 150
598 153
599 4
599 169
599 192
599 364
599 474
599 484
599 740
600 100
600 146
600 237
600 360
600 536
600 764
600 942
600 963
601 42
601 132
601 161
601 229
601 259
601 446
601 546
601 595
601 620
601 827
601 896
601 993
602 238
602 320
602 324
602 509
602 524
602 902
603 25
603 93
603 161
603 418
603 673
603 755
603 827
603 948
603 961
603 993
604 87
604 99
604 192
604 281
604 314
604 389
604 500
604 634
604 717
604 729
604 796
604 961
604 999
605 8
605 26
605 48
605 402
605 470
605 501
605 583
605 827
605 871
605 934
606 14
606 100
606 106
606 198
606 246
606 259
606 338
606 342
606 439
606 444
606 578
606 595
606 613
606 778
606 780
606 803
607 78
607 203
607 238
607 246
607 318
607 339
607 347
607 438
607 444
607 520
607 571
607 796
607 909
607 964
608 405
608 442
608 445
608 553
608 557
609 14
609 20
609 116
609 123
609 227
609 255
609 377
609 416
609 487
609 545
609 555
609 773
609 795
609 797
609 803
609 806
609 832
609 934
609 961
609 963
609 992
610 100
610 166
610 266
610 327
610 419
610 432
610 436
610 524
610 769
610 806
610 817
610 832
611 63
611 148
611 201
611 293
611 540
611 560
611 586
611 623
611 764
611 911
612 63
612 229
612 569
612 592
612 676
613 8
613 39
613 188
613 332
613 572
613 645
613 866
613 986
613 992
614 188
614 246
615 281
615 465
615 531
615 627
615 656
615 756
616 26
616 318
616 377
616 403
616 456
616 540
616 553
616 679
616 910
617 51
617 87
617 93
617 131
617 140
617 163
617 179
617 259
617 267
617 277
617 371
617 382
617 432
617 592
617 682
617 704
617 782
617 876
618 80
618 472
618 732
618 737
618 833
618 885
619 33
619 69
619 106
619 155
619 456
619 569
619 604
619 778
619 931
620 29
620 69
620 209
620 213
620 439
620 546
620 740
620 744
620 930
620 988
620 992
620 996
621 552
621 570
621 808
622 86
622 149
622 377
622 723
622 809
622 892
622 938
622 988
623 66
623 145
623 543
623 738
623 905
623 942
623 988
624 212
624 377
624 416
624 671
624 878
624 895
624 992
625 374
625 486
625 553
625 604
625 634
625 682
625 988
626 335
626 344
626 439
626 466
626 472
626 560
626 616
626 717
626 719
626 783
626 929
626 950
626 954
627 121
627 132
627 145
627 266
627 553
627 603
627 669
627 670
627 892
627 955
628 33
628 100
628 123
628 145
628 222
628 446
628 493
628 521
628 988
629 132
629 248
629 339
629 472
629 972
630 136
630 142
630 160
630 584
630 803
631 43
631 107
631 154
631 247
631 293
631 318
631 325
631 364
631 369
631 464
631 553
631 656
631 740
631 810
631 827
632 117
632 232
632 236
632 387
632 441
632 487
632 520
632 793
632 843
632 883
632 885
632 924
632 959
633 42
633 331
633 402
633 471
633 553
633 623
633 657
633 729
633 800
633 838
634 123
634 248
634 293
634 578
634 592
634 701
634 709
634 876
635 360
635 546
635 812
636 14
636 111
636 125
636 132
636 182
636 626
636 650
637 319
637 403
637 445
637 490
637 586
637 651
637 827
637 837
637 961
637 975
637 992
638 43
638 72
638 124
638 291
638 558
638 661
638 709
638 738
638 775
638 778
638 835
638 851
638 879
638 904
639 19
639 412
639 469
639 668
639 709
639 798
640 85
640 221
640 238
640 360
640 473
640 527
640 539
640 592
640 595
640 652
640 656
640 684
640 706
640 868
640 874
640 917
641 5
641 48
641 80
641 87
641 190
641 412
641 465
641 521
641 598
641 682
641 747
641 784
641 852
641 856
642 38
642 40
642 185
642 247
642 429
642 601
642 604
642 660
642 844
643 83
643 339
643 402
643 404
643 429
643 431
643 471
643 510
643 586
643 601
643 607
643 709
643 814
643 840
643 876
643 877
643 913
644 40
644 71
644 403
644 477
644 601
644 611
644 840
645 57
645 127
645 145
645 201
645 351
645 598
645 628
645 729
645 963
645 996
646 127
646 241
646 274
646 277
646 352
646 446
646 519
646 592
646 612
646 644
646 742
646 843
646 901
646 903
646 904
646 952
647 106
647 222
647 257
647 300
647 326
647 335
647 414
647 571
647 807
647 925
648 43
648 67
648 109
648 166
648 172
648 193
648 266
648 421
648 544
648 550
648 610
648 689
648 767
648 812
649 83
649 248
649 545
649 592
649 800
649 959
650 18
650 36
650 39
650 339
650 405
650 639
650 675
650 686
650 709
650 744
650 815
650 908
650 988
651 127
651 133
651 183
651 444
651 480
651 666
651 800
651 809
651 813
651 894
651 937
652 127
652 159
652 624
652 625
652 758
652 778
652 916
653 68
653 227
653 234
653 259
653 260
653 404
653 420
653 432
653 444
653 470
653 545
653 553
653 604
653 633
653 647
653 753
653 870
653 906
653 917
653 996
654 28
654 139
654 285
654 322
654 467
654 527
654 559
654 772
654 800
654 836
654 959
655 38
655 63
655 66
655 150
655 187
655 222
655 231
655 289
655 421
655 423
655 770
655 828
656 47
656 107
656 123
656 173
656 284
656 400
656 509
656 545
656 651
656 815
656 817
657 199
657 330
657 342
657 400
657 500
657 613
657 619
657 624
657 737
657 859
658 111
658 117
658 199
658 399
658 677
658 771
658 963
658 994
659 35
659 92
659 109
659 240
659 368
659 477
659 592
659 613
659 743
659 840
660 70
660 318
660 374
660 382
660 492
660 493
660 550
660 673
660 863
660 898
660 933
661 22
661 70
661 127
661 182
661 209
661 424
661 444
661 529
661 595
661 628
661 675
661 903
661 907
662 48
662 137
662 340
662 431
662 530
662 541
662 705
662 766
662 908
663 69
663 335
663 400
663 679
663 740
663 808
663 884
663 925
663 930
663 988
664 11
664 123
664 132
664 208
664 226
664 259
664 272
664 379
664 400
664 463
664 547
664 555
664 643
664 673
664 709
664 964
665 11
665 36
665 38
665 63
665 85
665 278
665 289
665 371
665 500
665 647
665 796
665 826
665 885
666 18
666 52
666 395
666 501
666 575
666 669
666 709
666 806
667 199
667 282
667 313
667 360
667 374
667 526
667 536
667 545
667 571
667 829
668 63
668 135
668 300
668 314
668 321
668 453
668 456
668 571
668 676
669 193
669 307
669 560
669 604
669 647
669 904
669 912
670 40
670 62
670 98
670 125
670 187
670 246
670 485
670 577
670 624
670 682
670 716
670 794
670 981
671 45
671 119
671 294
671 346
671 443
671 578
671 604
671 852
671 925
672 87
672 93
672 144
672 204
672 280
672 371
672 444
672 571
672 662
672 678
672 682
672 707
672 764
672 808
672 876
673 93
673 123
673 229
673 331
673 444
673 480
673 592
673 729
673 896
673 959
673 991
674 66
674 140
674 416
674 647
674 750
674 907
674 917
675 70
675 93
675 213
675 293
675 382
675 510
675 567
675 699
675 738
675 782
675 931
676 74
676 209
676 400
676 444
676 480
676 610
676 737
676 740
676 901
676 925
677 179
677 240
677 420
677 604
677 709
677 828
678 221
678 492
678 532
678 599
679 205
679 395
679 477
679 850
679 981
680 80
680 154
680 289
680 368
680 416
680 431
680 438
680 481
680 682
680 778
680 871
680 903
680 938
681 39
681 50
681 100
681 160
681 246
681 384
681 387
681 442
681 599
681 647
681 699
681 904
682 185
682 233
682 336
682 474
682 595
682 780
682 975
682 976
683 34
683 85
683 144
683 169
683 527
683 532
683 603
683 881
684 178
684 188
684 316
684 371
684 472
684 901
684 902
684 947
685 93
685 144
685 682
685 764
686 22
686 160
686 432
686 583
686 679
686 750
687 130
687 215
687 289
687 456
687 729
687 885
687 909
687 963
687 981
687 994
688 78
688 87
688 152
688 193
688 456
688 543
688 553
688 577
688 598
688 709
688 729
688 909
689 43
689 347
689 412
689 432
689 455
689 524
689 571
689 592
689 611
689 754
689 758
689 871
690 63
690 117
690 132
690 205
690 241
690 246
690 274
690 477
690 592
690 759
690 799
690 966
691 100
691 168
691 247
691 403
691 422
691 437
691 769
691 806
691 926
692 127
692 155
692 229
692 318
692 319
692 353
692 399
692 640
692 684
692 891
692 962
693 68
693 209
693 233
693 344
693 436
693 438
693 486
693 495
693 607
693 629
693 992
694 132
694 266
694 339
694 441
694 553
694 722
694 855
694 955
695 40
695 127
695 414
695 497
695 555
695 790
695 885
695 893
696 35
696 72
696 221
696 403
696 623
696 696
697 119
697 167
697 342
697 360
697 473
697 509
697 653
697 753
697 800
697 874
697 880
698 3
698 43
698 216
698 247
698 350
698 400
698 471
698 661
698 709
698 774
698 828
698 879
698 904
699 67
699 75
699 137
699 490
699 527
699 571
699 601
699 628
699 808
699 970
699 998
700 12
700 15
700 48
700 119
700 154
700 155
700 201
700 293
700 353
700 374
700 622
700 806
700 848
700 850
701 35
701 66
701 72
701 403
701 557
701 623
701 696
701 791
701 889
702 66
702 261
702 339
702 442
702 449
702 481
702 524
702 634
702 693
702 930
703 85
703 147
703 307
703 324
703 403
703 571
703 599
703 677
703 732
703 756
703 800
703 808
703 909
703 954
704 142
704 150
704 219
704 300
704 303
704 423
704 439
704 790
704 937
705 61
705 73
705 79
705 217
705 335
705 444
705 477
705 668
705 961
705 993
706 11
706 186
706 209
706 442
706 534
706 729
706 831
707 155
707 481
707 540
707 699
707 738
707 813
707 830
707 973
708 63
708 119
708 146
708 180
708 231
708 293
708 410
708 437
708 625
708 799
708 819
708 891
708 981
709 11
709 83
709 93
709 190
709 418
709 571
709 673
709 755
709 782
709 996
710 236
710 274
710 532
710 647
710 648
710 710
710 826
710 874
710 896
711 3
711 5
711 62
711 400
711 442
711 472
711 542
711 553
711 595
711 667
711 737
711 863
711 874
712 101
712 119
712 145
712 221
712 222
712 326
712 420
712 472
712 487
712 519
712 571
712 709
712 722
712 807
713 163
713 209
713 246
713 402
713 477
713 501
713 683
713 705
713 852
713 933
714 24
714 35
714 61
714 117
714 129
714 147
714 153
714 182
714 238
714 240
714 319
714 374
714 444
714 549
714 569
714 955
714 989
715 39
715 219
715 327
715 466
715 527
715 531
715 732
716 204
716 318
716 495
716 692
716 852
716 994
717 60
717 148
717 209
717 281
717 324
717 404
717 559
717 648
717 799
717 938
717 942
718 154
718 387
718 601
718 647
718 990
719 10
719 221
719 481
719 553
719 707
719 721
719 868
719 884
719 948
720 9
720 108
720 123
720 127
720 192
720 201
720 444
720 753
720 930
721 38
721 69
721 73
721 93
721 247
721 293
721 423
721 440
721 560
721 604
721 690
721 737
721 745
721 813
721 877
721 904
722 36
722 616
722 753
722 820
722 852
723 281
723 938
723 942
724 35
724 62
724 89
724 127
724 154
724 268
724 387
724 675
724 682
724 720
724 863
724 871
724 963
725 219
725 248
725 280
725 377
725 500
725 603
725 884
726 7
726 245
726 644
726 733
726 946
727 47
727 145
727 670
727 744
727 894
727 976
728 8
728 94
728 136
728 432
728 491
728 973
728 996
729 36
729 124
729 271
729 471
729 519
729 562
729 578
729 666
729 724
729 827
729 859
729 995
730 39
730 55
730 146
730 214
730 402
730 432
730 599
730 784
730 800
730 838
730 987
731 169
731 213
731 289
731 410
731 517
731 607
731 879
732 43
732 53
732 119
732 159
732 162
732 188
732 192
732 619
732 622
732 631
732 873
732 889
732 961
733 43
733 107
733 139
733 233
733 240
733 299
733 380
733 415
733 429
733 446
733 629
733 782
733 843
734 28
734 38
734 219
734 432
734 734
734 790
735 43
735 160
735 238
735 328
735 576
735 578
735 626
735 855
736 9
736 17
736 366
736 530
736 555
736 583
736 595
736 652
736 738
736 815
737 14
737 66
737 163
737 341
737 518
737 559
737 669
737 902
737 903
737 930
738 190
738 192
738 234
738 325
738 377
738 534
738 628
738 697
738 756
738 867
739 68
739 87
739 102
739 274
739 307
739 338
739 471
739 472
739 495
739 629
739 662
739 719
739 817
739 876
739 879
740 40
740 423
740 509
740 595
740 623
740 682
740 744
740 835
740 885
740 938
740 950
741 7
741 14
741 143
741 364
741 709
741 748
741 852
741 893
742 7
742 39
742 118
742 274
742 390
742 409
742 432
742 483
742 490
742 518
742 519
742 571
742 832
742 898
742 915
743 36
743 124
743 186
743 201
743 221
743 254
743 306
743 364
743 416
743 518
743 587
743 619
743 699
743 756
743 806
743 813
743 827
743 863
743 874
743 950
744 79
744 228
744 378
744 444
744 477
744 500
744 517
744 592
744 668
744 722
744 812
744 913
744 946
744 991
745 137
745 300
745 318
745 359
745 366
745 720
745 909
745 913
745 959
746 607
746 694
747 307
747 492
747 572
747 682
747 868
747 934
747 949
747 961
747 992
748 50
748 127
748 140
748 170
748 293
748 404
748 430
748 450
748 543
748 559
748 707
748 909
748 926
749 43
749 62
749 107
749 116
749 258
749 437
749 438
749 590
749 647
749 668
749 674
749 772
749 785
749 873
749 899
749 903
749 914
750 14
750 39
750 49
750 66
750 81
750 104
750 163
750 173
750 183
750 230
750 482
750 518
750 601
750 729
750 807
750 852
750 868
750 956
751 52
751 318
751 360
751 416
751 471
751 521
751 536
751 538
751 578
751 669
751 837
752 9
752 247
752 322
752 405
752 432
752 472
752 542
752 613
752 800
752 831
752 907
753 24
753 86
753 132
753 331
753 416
753 460
753 518
753 553
753 827
753 891
754 195
754 328
754 335
754 477
754 480
754 608
754 624
754 656
754 720
754 812
754 825
755 70
755 382
755 863
756 17
756 132
756 316
756 347
756 371
756 416
756 471
756 592
756 644
756 668
756 709
756 798
756 832
756 992
757 52
757 119
757 322
757 351
757 361
757 678
757 723
757 772
757 780
757 842
758 21
758 51
758 229
758 289
758 374
758 398
758 539
758 729
758 901
758 917
758 994
759 69
759 188
759 274
759 374
759 447
759 480
759 610
759 627
759 648
759 673
759 929
759 946
759 988
760 71
760 102
760 204
760 210
760 439
760 546
760 907
760 962
760 966
760 998
761 130
761 215
761 662
761 844
761 925
761 963
761 994
762 40
762 43
762 63
762 71
762 100
762 403
762 477
762 497
762 592
762 601
762 611
762 808
762 840
762 876
763 135
763 316
763 324
763 592
763 669
764 38
764 246
764 299
764 360
764 416
764 430
764 554
764 695
764 720
764 764
764 836
764 879
764 893
765 104
765 208
765 222
765 325
765 374
765 405
765 490
765 607
765 625
765 901
765 988
765 994
766 13
766 119
766 135
766 170
766 208
766 477
766 559
766 613
766 619
766 782
766 959
767 48
767 246
767 369
767 594
767 710
768 0
768 106
768 132
768 187
768 234
768 294
768 474
768 493
768 559
768 626
768 637
768 650
768 656
768 722
768 889
769 63
769 85
769 92
769 318
769 322
769 482
769 571
769 592
769 615
769 619
769 622
769 729
769 803
769 806
769 955
770 7
770 48
770 123
770 154
770 324
770 395
770 402
770 652
770 706
770 948
771 124
771 473
771 592
771 601
771 607
771 614
771 642
772 51
772 66
772 154
772 159
772 173
772 332
772 936
773 8
773 33
773 94
773 233
773 534
773 697
773 707
773 733
773 829
773 891
773 931
773 949
774 9
774 11
774 51
774 61
774 179
774 231
774 350
774 418
774 446
774 495
774 561
774 575
774 608
774 709
774 804
774 863
774 934
774 939
774 963
774 996
775 16
775 119
775 127
775 190
775 412
775 652
775 669
775 825
775 827
775 931
775 961
776 371
776 521
776 717
776 815
776 873
777 8
777 47
777 274
777 480
777 552
777 780
778 49
778 124
778 180
778 212
778 432
778 592
778 812
778 829
779 12
779 259
779 613
779 699
779 700
779 825
779 927
780 43
780 381
780 437
780 568
780 571
780 625
780 753
780 867
781 6
781 125
781 139
781 187
781 442
781 449
781 577
781 693
781 716
781 794
781 981
782 9
782 11
782 277
782 284
782 903
782 961
782 994
783 62
783 81
783 119
783 209
783 222
783 247
783 439
783 546
783 722
783 800
783 803
783 838
783 908
784 71
784 219
784 360
784 459
784 572
784 629
784 706
784 722
784 988
785 47
785 91
785 123
785 281
785 400
785 545
785 814
785 815
786 87
786 97
786 144
786 318
786 395
786 443
786 444
786 587
786 595
786 622
786 673
786 794
786 807
786 830
786 870
786 873
786 899
787 38
787 132
787 157
787 570
787 612
787 683
787 712
787 738
787 767
787 892
787 924
787 973
787 990
788 22
788 548
788 607
789 142
789 214
789 318
789 325
789 432
789 440
789 564
789 601
789 837
789 970
790 12
790 194
790 221
790 293
790 370
790 471
790 521
790 531
790 544
790 545
790 571
790 628
790 666
790 721
790 800
790 944
790 950
790 966
791 123
791 128
791 214
791 259
791 339
791 495
791 509
791 683
791 827
791 963
791 964
792 47
792 86
792 163
792 192
792 201
792 222
792 229
792 375
792 476
792 544
792 603
792 631
792 673
792 683
792 807
792 832
793 8
793 21
793 147
793 213
793 238
793 241
793 288
793 306
793 374
793 409
793 430
793 683
793 863
793 877
793 948
793 963
793 981
794 78
794 140
794 339
794 722
794 737
794 797
794 813
794 840
794 939
795 47
795 238
795 278
795 351
795 368
795 584
795 620
795 772
795 808
795 811
796 28
796 193
796 364
796 369
796 377
796 399
796 459
796 531
796 589
796 593
796 799
796 827
796 885
797 0
797 59
797 95
797 140
797 160
797 238
797 357
797 371
797 444
797 603
797 766
797 800
797 994
798 238
798 248
798 338
798 353
798 545
798 707
798 767
798 897
798 948
799 69
799 136
799 183
799 214
799 248
799 306
799 368
799 399
799 442
799 459
799 589
799 721
799 734
799 821
799 969
800 83
800 137
800 188
800 201
800 222
800 253
800 400
800 404
800 437
800 442
800 515
800 658
800 682
800 800
801 38
801 62
801 85
801 219
801 281
801 439
801 456
801 554
801 673
801 753
801 764
802 48
802 146
802 293
802 553
802 750
802 806
802 905
803 21
803 77
803 142
803 238
803 274
803 294
803 316
803 482
803 571
803 831
803 903
803 915
803 925
804 60
804 124
804 240
804 381
804 414
804 416
804 419
804 445
804 487
804 613
804 668
804 756
804 914
805 50
805 127
805 166
805 170
805 441
805 456
805 487
805 501
805 516
805 750
805 756
805 801
805 818
805 832
805 973
806 34
806 87
806 416
806 586
806 599
806 620
806 707
806 737
806 783
806 817
806 939
806 981
807 39
807 258
807 279
807 299
807 592
807 604
807 797
808 51
808 209
808 344
808 415
808 429
808 624
808 885
809 192
809 416
809 481
809 647
809 820
809 828
810 47
810 209
810 374
810 432
810 476
810 486
810 544
810 553
810 604
810 673
810 807
810 901
811 68
811 85
811 221
811 246
811 259
811 402
811 474
811 485
811 546
811 607
811 704
811 753
811 820
811 875
811 915
812 8
812 33
812 63
812 233
812 488
812 707
812 733
812 949
813 209
813 293
813 360
813 601
813 690
813 718
814 14
814 17
814 51
814 57
814 151
814 209
814 316
814 432
814 465
814 493
814 570
814 644
814 740
814 782
814 832
814 838
814 868
814 891
814 992
815 42
815 70
815 154
815 205
815 231
815 366
815 414
815 432
815 572
815 813
815 981
816 104
816 208
816 325
816 419
816 613
817 124
817 170
817 188
817 246
817 326
817 446
817 518
817 592
817 750
817 946
817 973
818 20
818 117
818 309
818 360
818 374
818 375
818 412
818 532
818 902
818 966
819 0
819 28
819 193
819 248
819 318
819 403
819 421
819 545
819 570
819 613
819 639
819 803
819 867
820 47
820 142
820 151
820 324
820 400
820 570
820 676
820 815
820 829
820 859
820 861
821 284
821 335
821 447
821 456
821 578
821 692
821 709
821 934
821 946
821 994
822 173
822 183
822 202
822 230
822 402
822 416
822 487
822 501
822 612
822 629
822 669
822 707
822 730
822 825
822 988
823 38
823 40
823 247
823 604
823 660
823 808
823 844
823 992
824 245
824 260
824 360
824 402
824 501
824 536
824 564
824 582
824 682
825 83
825 107
825 241
825 432
825 447
825 472
825 488
825 492
825 558
825 908
825 952
826 20
826 27
826 86
826 416
826 497
826 769
826 813
826 868
826 912
826 969
826 981
827 160
827 166
827 168
827 399
827 432
827 472
827 521
827 648
827 732
827 743
827 926
828 93
828 563
828 769
828 914
829 29
829 194
829 215
829 221
829 370
829 537
829 874
829 992
830 60
830 124
830 195
830 240
830 416
830 555
830 578
830 769
830 878
831 190
831 395
831 611
831 679
831 709
831 737
831 743
831 756
831 782
832 306
832 486
832 790
832 877
833 69
833 73
833 81
833 150
833 168
833 412
833 422
833 440
833 524
833 666
833 721
833 867
833 902
833 909
834 63
834 234
834 326
834 337
834 520
834 571
834 579
834 620
834 640
834 758
834 807
834 925
835 238
835 320
835 324
835 369
835 509
835 524
835 722
835 735
835 902
836 49
836 329
836 577
836 667
836 709
836 729
836 781
837 29
837 140
837 274
837 575
837 669
837 709
837 723
837 847
837 992
837 995
837 996
838 55
838 210
838 238
838 306
838 377
838 607
838 717
838 724
839 197
839 317
839 477
839 482
839 493
839 688
839 925
839 962
840 7
840 12
840 63
840 117
840 140
840 245
840 318
840 387
840 480
840 644
840 733
840 781
840 863
840 912
840 946
841 86
841 207
841 357
841 549
841 591
841 673
842 29
842 38
842 274
842 432
842 445
842 484
842 497
842 507
842 690
842 709
842 783
842 961
843 119
843 179
843 219
843 271
843 337
843 342
843 375
843 518
843 686
843 730
843 815
843 827
844 83
844 133
844 201
844 209
844 221
844 253
844 442
844 554
844 557
844 807
844 831
844 874
844 902
845 48
845 73
845 124
845 221
845 240
845 613
845 778
845 808
845 878
845 996
846 61
846 220
846 221
846 377
846 446
846 565
846 673
846 687
846 747
846 764
846 879
847 23
847 231
847 247
847 325
847 709
847 962
848 17
848 326
848 502
848 592
849 474
849 875
849 915
850 357
850 403
850 541
850 543
850 558
850 595
850 863
851 63
851 89
851 123
851 139
851 201
851 277
851 360
851 387
851 446
851 507
851 886
851 907
852 577
852 589
852 656
852 861
852 874
852 938
852 962
852 965
853 99
853 102
853 139
853 194
853 266
853 277
853 337
853 462
853 500
853 502
853 545
853 561
853 790
853 800
854 8
854 28
854 221
854 222
854 293
854 299
854 399
854 472
854 521
854 553
854 624
854 703
854 709
854 879
854 981
855 127
855 190
855 205
855 238
855 325
855 374
855 377
855 486
855 495
855 504
855 694
855 721
855 820
855 829
855 876
856 160
856 191
856 281
856 444
856 541
856 543
856 547
856 583
856 606
856 629
856 743
856 790
856 946
856 959
857 87
857 123
857 333
857 674
857 722
857 874
858 119
858 124
858 127
858 179
858 183
858 222
858 569
858 800
858 896
858 926
858 966
859 142
859 403
859 425
859 442
859 471
859 493
859 523
859 623
859 731
859 738
859 745
859 761
859 764
859 996
860 43
860 70
860 173
860 192
860 544
860 946
861 28
861 61
861 222
861 578
861 601
861 607
861 625
861 629
861 644
861 840
861 891
861 901
861 942
861 988
862 38
862 107
862 190
862 231
862 316
862 405
862 595
862 603
862 650
862 707
862 831
862 837
862 852
862 938
863 83
863 328
863 363
863 437
863 576
863 624
863 671
863 709
863 740
863 874
864 12
864 281
864 395
864 540
864 595
864 800
865 11
865 28
865 51
865 93
865 132
865 350
865 548
865 550
865 592
865 662
865 667
865 917
865 959
865 986
866 371
866 374
866 405
867 39
867 61
867 190
867 258
867 299
867 340
867 592
867 604
867 610
867 692
867 707
867 795
867 797
868 319
868 336
868 562
868 744
868 800
868 877
868 909
868 946
869 29
869 39
869 87
869 139
869 155
869 182
869 300
869 567
869 628
869 877
870 63
870 140
870 381
870 412
870 414
870 416
870 487
870 496
870 722
870 756
870 757
870 836
870 885
870 893
871 85
871 96
871 171
871 190
871 191
871 220
871 358
871 368
871 571
871 644
871 732
871 740
871 815
871 859
872 14
872 20
872 62
872 118
872 480
872 555
872 574
872 676
873 49
873 233
873 275
873 374
873 439
873 617
873 751
873 794
873 852
873 879
874 45
874 48
874 78
874 83
874 127
874 157
874 167
874 437
874 527
874 631
874 733
874 772
874 784
874 790
874 904
874 912
874 931
875 197
875 387
875 405
875 439
875 497
875 526
875 549
875 638
875 731
875 995
876 127
876 238
876 325
876 559
876 808
876 891
877 73
877 336
877 395
877 709
877 847
877 925
877 944
878 12
878 83
878 416
878 446
878 527
878 780
878 809
878 933
879 7
879 51
879 119
879 247
879 306
879 530
879 764
879 832
879 863
879 904
880 42
880 532
880 648
881 33
881 69
881 106
881 456
881 569
881 604
881 778
881 931
882 19
882 48
882 69
882 117
882 154
882 236
882 238
882 520
882 539
882 883
882 924
882 959
882 963
883 137
883 148
883 201
883 217
883 352
883 440
883 540
883 981
884 25
884 137
884 592
884 744
884 858
884 937
885 48
885 93
885 221
885 234
885 720
885 999
886 178
886 289
886 439
886 709
886 764
886 876
886 877
886 925
886 988
887 127
887 399
887 486
887 524
887 699
887 813
887 894
887 938
888 12
888 62
888 127
888 403
888 574
888 707
888 753
888 804
888 806
888 827
888 851
888 881
888 904
888 962
888 990
889 93
889 221
889 241
889 259
889 402
889 485
889 527
889 704
889 737
889 873
890 26
890 43
890 318
890 377
890 403
890 456
890 487
890 529
890 540
890 553
890 679
890 910
890 976
891 39
891 150
891 192
891 601
891 656
891 682
891 721
891 753
891 815
891 990
892 132
892 145
892 147
892 198
892 271
892 339
892 368
892 604
892 707
893 39
893 293
893 397
893 599
893 651
893 668
893 709
893 721
893 829
893 909
894 43
894 69
894 71
894 123
894 167
894 182
894 292
894 437
894 613
894 782
894 884
894 904
894 909
895 123
895 331
895 443
895 471
895 622
895 676
895 705
895 770
895 998
896 124
896 142
896 229
896 274
896 359
896 462
896 473
896 540
896 558
896 584
896 628
896 707
896 786
896 826
896 837
896 845
897 10
897 168
897 374
897 938
897 992
897 994
898 26
898 28
898 182
898 291
898 293
898 405
898 484
898 737
898 811
898 894
898 903
898 927
898 934
899 5
899 21
899 125
899 204
899 279
899 432
899 490
899 767
899 925
900 260
900 444
900 510
900 553
900 577
900 584
900 619
900 623
900 647
900 715
900 721
900 790
900 806
900 874
900 959
901 300
901 874
902 238
902 248
902 353
902 488
902 510
902 707
902 767
902 897
902 948
902 992
903 127
903 293
903 368
903 400
903 429
903 541
903 543
903 601
903 670
903 840
903 963
904 26
904 63
904 108
904 139
904 160
904 277
904 311
904 314
904 346
904 460
904 511
904 522
904 849
904 871
904 891
904 904
905 90
905 101
905 119
905 193
905 360
905 521
905 612
905 644
905 647
905 668
905 799
906 17
906 83
906 87
906 197
906 240
906 246
906 293
906 319
906 433
906 437
906 524
906 555
906 687
906 722
906 829
906 885
907 350
907 456
907 558
907 601
907 613
907 730
907 786
907 800
907 826
908 103
908 471
908 543
908 575
908 592
908 694
908 740
908 807
908 907
908 931
909 25
909 28
909 52
909 71
909 127
909 238
909 284
909 403
909 538
909 546
909 606
909 618
909 631
909 638
909 669
909 729
909 747
909 868
910 4
910 124
910 142
910 293
910 377
910 397
910 497
910 553
910 747
910 896
910 914
911 29
911 119
911 490
911 571
911 909
912 59
912 68
912 400
912 412
912 442
912 485
912 486
912 675
912 844
913 38
913 150
913 178
913 209
913 219
913 352
913 441
913 662
913 709
913 799
913 860
913 973
913 990
914 405
914 420
914 443
914 566
914 813
915 146
915 246
915 306
915 307
915 321
915 528
915 568
915 709
915 732
916 81
916 170
916 240
916 286
916 304
916 405
916 442
916 531
916 642
916 673
916 863
916 864
917 152
917 153
917 274
917 463
917 545
917 734
917 870
917 884
918 25
918 63
918 72
918 81
918 229
918 274
918 286
918 304
918 371
918 405
918 497
918 526
918 549
918 638
918 642
918 837
919 124
919 316
919 319
919 397
919 485
919 529
919 553
919 663
919 909
920 95
920 175
920 216
920 221
920 222
920 248
920 316
920 336
920 471
920 490
920 523
920 611
920 743
920 746
920 803
920 871
920 981
920 994
921 28
921 31
921 52
921 112
921 121
921 299
921 565
921 601
921 738
921 743
921 799
921 804
921 960
921 962
922 109
922 231
922 285
922 322
922 467
922 558
922 559
922 601
922 603
922 709
922 772
922 859
923 66
923 145
923 418
923 448
923 543
923 571
923 738
923 903
923 905
923 942
923 988
924 63
924 80
924 169
924 238
924 377
924 472
924 495
924 540
924 567
924 592
924 673
924 756
924 931
925 21
925 127
925 357
925 387
925 403
925 541
925 543
925 558
925 572
925 595
925 709
925 827
925 863
926 26
926 89
926 330
926 716
926 821
927 71
927 478
927 601
927 607
927 638
927 747
927 767
928 126
928 128
928 157
928 231
928 338
928 565
928 613
928 623
928 778
928 909
928 993
929 73
929 132
929 191
929 246
929 449
929 501
929 545
929 582
929 885
929 986
929 990
930 99
930 119
930 146
930 354
930 428
930 478
930 480
930 547
930 553
930 559
930 601
930 764
930 767
930 782
931 12
931 61
931 69
931 266
931 335
931 509
931 697
931 808
931 925
932 197
932 198
932 215
932 281
932 283
932 336
932 344
932 368
932 455
932 520
932 521
932 634
932 638
932 782
932 800
932 808
932 931
932 990
933 118
933 132
933 170
933 222
933 325
933 371
933 375
933 521
933 631
933 709
933 717
933 723
933 761
933 815
933 832
933 873
933 930
934 69
934 146
934 298
934 442
934 690
934 799
935 35
935 72
935 221
935 403
935 623
935 696
936 47
936 219
936 222
936 240
936 248
936 272
936 295
936 375
936 377
936 487
936 586
936 631
936 778
936 791
936 808
936 832
936 871
936 884
937 127
937 131
937 190
937 289
937 382
937 447
937 575
937 628
937 704
937 710
937 733
937 782
937 952
937 961
938 63
938 293
938 360
938 497
938 514
938 553
938 911
939 136
939 184
939 300
939 377
939 412
939 523
939 619
939 628
939 778
939 808
939 864
939 981
940 62
940 341
940 553
940 559
940 634
940 674
940 682
940 930
940 988
941 11
941 168
941 174
941 209
941 477
941 656
941 669
941 806
941 908
942 36
942 47
942 61
942 147
942 209
942 306
942 648
942 670
942 722
942 799
942 976
943 3
943 68
943 89
943 101
943 142
943 149
943 231
943 336
943 381
943 432
943 571
943 764
943 809
943 821
943 837
943 855
943 903
944 8
944 99
944 201
944 222
944 233
944 266
944 281
944 293
944 389
944 543
944 718
945 68
945 560
945 813
945 835
945 934
946 36
946 134
946 150
946 214
946 353
946 399
946 404
946 437
946 472
946 625
946 729
946 963
946 981
947 83
947 246
947 403
947 545
947 687
947 707
947 829
947 832
947 884
947 949
948 72
948 277
948 291
948 331
948 374
948 592
948 697
948 720
948 801
948 991
949 132
949 139
949 236
949 247
949 248
949 326
949 336
949 360
949 400
949 437
949 450
949 481
949 553
949 657
949 715
949 820
949 863
949 868
949 874
949 931
949 999
950 186
950 335
950 412
950 490
950 520
950 675
950 730
950 800
950 808
950 815
950 840
950 946
951 61
951 87
951 123
951 127
951 190
951 340
951 459
951 610
951 707
951 795
952 80
952 115
952 181
952 201
952 209
952 330
952 592
952 598
952 656
952 903
952 946
952 996
953 150
953 378
953 472
953 514
953 523
953 603
953 782
953 790
953 808
953 914
954 28
954 233
954 284
954 287
954 300
954 403
954 482
954 501
954 502
954 546
954 718
954 729
954 800
954 891
955 68
955 191
955 427
955 493
955 624
955 799
955 813
955 848
956 38
956 263
956 338
956 404
956 669
956 732
956 990
957 60
957 137
957 168
957 522
957 674
957 829
957 868
957 876
957 927
957 973
958 246
958 385
958 809
959 221
959 280
959 610
959 631
959 679
959 733
960 3
960 61
960 87
960 148
960 155
960 172
960 409
960 644
960 721
960 829
960 904
960 908
960 934
960 938
960 954
960 994
961 15
961 38
961 126
961 157
961 199
961 201
961 293
961 531
961 647
961 735
961 764
961 778
961 783
961 813
961 856
961 993
962 94
962 118
962 213
962 222
962 249
962 306
962 372
962 416
962 430
962 545
962 869
962 949
963 9
963 28
963 55
963 71
963 409
963 572
963 706
963 727
963 738
963 837
963 959
964 39
964 43
964 623
964 670
965 51
965 93
965 128
965 147
965 221
965 266
965 318
965 330
965 420
965 423
965 456
965 722
965 886
965 998
966 39
966 116
966 145
966 436
966 673
966 759
966 806
966 894
966 904
966 958
966 961
966 963
966 992
967 87
967 101
967 274
967 486
967 806
967 871
968 34
968 493
968 509
968 539
968 577
968 634
968 729
969 36
969 247
969 294
969 374
969 453
969 502
969 830
970 76
970 142
970 287
970 368
970 400
970 444
970 469
970 497
970 511
970 518
970 534
970 585
970 595
970 628
970 643
971 17
971 422
971 542
971 592
971 722
971 782
971 842
971 870
971 884
972 17
972 38
972 87
972 217
972 374
972 482
972 557
972 677
972 683
972 771
972 790
972 806
972 832
972 902
973 248
973 374
973 461
973 599
974 252
974 438
974 521
974 690
974 800
974 925
974 934
975 71
975 87
975 272
975 281
975 381
975 418
975 432
975 463
975 478
975 561
975 613
975 863
976 209
976 297
976 687
976 876
976 929
976 962
977 21
977 414
977 453
977 472
977 753
977 767
977 871
977 894
